lastAccountName: sSpyPlayz
timestamps:
  login: 1608633279111
  logout: 1608634877501
  lastteleport: 1608633548465
ipAddress: 5.14.117.39
lastlocation:
  world: world
  x: 164.5
  y: 28.0
  z: -1459.5
  yaw: 41.250004
  pitch: -22.799965
logoutlocation:
  world: world
  x: -255.94533350435037
  y: 82.0
  z: -908.0933570453906
  yaw: 154.91656
  pitch: 21.294445
