lastAccountName: estoasido
timestamps:
  login: 1608634299077
  lastteleport: 1608122184514
  logout: 1608634678807
ipAddress: 92.84.164.200
lastlocation:
  world: world
  x: -287.34443764512054
  y: 99.16610926093821
  z: -927.7984758728619
  yaw: -305.82645
  pitch: 9.138552
logoutlocation:
  world: world
  x: -213.3000000119209
  y: 90.0
  z: -969.6999999880791
  yaw: -353.1868
  pitch: 25.120552
