lastAccountName: TKS_TinyKitty
timestamps:
  login: 1607772878307
  logout: 1607772899782
ipAddress: 84.117.176.85
lastlocation:
  world: world
  x: -158.5
  y: 71.0
  z: 138.5
  yaw: 2.6915996
  pitch: 0.0
logoutlocation:
  world: world
  x: -165.2820126259447
  y: 71.0
  z: 143.07934958820604
  yaw: 316.68
  pitch: 9.092679
