lastAccountName: PusheenCatFan
timestamps:
  login: 1608626009238
  logout: 1608627245754
  lastteleport: 1608626535047
ipAddress: 84.117.176.85
lastlocation:
  world: world
  x: -336.4267955900574
  y: 62.218224862625114
  z: 665.9062302730472
  yaw: -5.4015503
  pitch: 25.80002
logoutlocation:
  world: world_the_end
  x: 65.7300563527758
  y: 58.0
  z: -16.869958080224823
  yaw: 218.39992
  pitch: 49.34999
