lastAccountName: Raresan9
timestamps:
  login: 1608632978906
  logout: 1608633691205
  lastteleport: 1608399818795
ipAddress: 188.173.118.186
lastlocation:
  world: world_nether
  x: 39.405443482902186
  y: 22.0
  z: 13.584755192295791
  yaw: -43.398193
  pitch: 1.6503857
logoutlocation:
  world: world
  x: -211.30000001192093
  y: 84.0
  z: -943.726724604194
  yaw: -146.2649
  pitch: 6.5949926
