lastAccountName: GreenChoppa
timestamps:
  login: 1607797835258
  logout: 1607797840030
ipAddress: 86.3.241.240
logoutlocation:
  world: world
  x: -159.5
  y: 69.0
  z: 151.5
  yaw: 200.84552
  pitch: 18.01728
